3.4MeV/u 80Sr---208Pb (proj ex.)
11
38 	 80
82       208
273.
1.  180.  1
1   0  0.0      1 0
2   2  0.386    1 0
3   4  0.981    1 0
4   6  1.764    1 0
5   8  2.700	1 0
6   10 3.766	1 0
7   12 4.952    1 0
8   14 6.277    1 0
9   16 7.752    1 0
10  18 9.331    1 0
11	2	1.141	1 0
1   2   2.1936604211  2
2   2   2.8517585474  2
2   3   2.0606202366  2
3   3   2.6788063076  2
3   4   2.5416292912  2
4   4 	3.3041180786  2
4   5   2.4973131112  2
5   5	3.2465070446  2
5   6	2.9244435355  2
6   6   3.8017765962  2
6   7   2.8255401157  2
7   7   3.6732021504  2
7   8   1.9815310859  2
8   8   2.5759904117  2
8   9   2.0935716911  2
9   9   2.7216431985  2
9   10	2.4385363995  2
10  10	3.1700973194  2
2	11	0.2217656421  2
